1322,"[[41, 42, 43, 44, 45, 46, 47, 48]]"
1323,"[[41, 42, 43, 44, 45, 46, 47, 48]]"
1324,"[[41, 42, 43, 44, 45, 46, 47, 48]]"
1325,"[[41, 42, 43, 44, 45, 46, 47, 48]]"
1326,"[[41, 42, 43, 44, 45, 46, 47, 48]]"
1327,"[[41, 42, 43, 44, 45, 46, 47, 48]]"
1328,"[[41, 42, 43, 44, 45, 46, 47, 48]]"
1329,"[[41, 42, 43, 44, 45, 46, 47, 48]]"
1330,"[[41, 42, 43, 44, 45, 46, 47, 48]]"
1331,"[[41, 42, 43, 44, 45, 46, 47, 48]]"
1332,"[[41, 42, 43, 44, 45, 46, 47, 48]]"
1333,"[[41, 42, 43, 44, 45, 46, 47, 48]]"
1334,"[[41, 42, 43, 44, 45, 46, 47, 48]]"
1335,"[[41, 42, 43, 44, 45, 46, 47, 48]]"
1336,"[[41, 42, 43, 44, 45, 46, 47, 48]]"
1337,"[[41, 42, 43, 44, 45, 46, 47, 48]]"
1338,"[[41, 42, 43, 44, 45, 46, 47, 48]]"
1339,"[[41, 42, 43, 44, 45, 46, 47, 48]]"
1340,"[[41, 42, 43, 44, 45, 46, 47, 48]]"
1341,"[[41, 42, 43, 44, 45, 46, 47, 48]]"
1342,"[[25, 26, 27, 28, 29, 30, 31, 32]]"
1343,"[[25, 26, 27, 28, 29, 30, 31, 32]]"
1344,"[[25, 26, 27, 28, 29, 30, 31, 32]]"
1345,"[[25, 26, 27, 28, 29, 30, 31, 32]]"
1346,"[[25, 26, 27, 28, 29, 30, 31, 32]]"
1347,"[[25, 26, 27, 28, 29, 30, 31, 32]]"
1348,"[[25, 26, 27, 28, 29, 30, 31, 32]]"
1349,"[[25, 26, 27, 28, 29, 30, 31, 32]]"
1350,"[[25, 26, 27, 28, 29, 30, 31, 32]]"
1351,"[[25, 26, 27, 28, 29, 30, 31, 32]]"
1352,"[[17, 18, 19, 20, 21, 22, 23, 24], [25, 26, 27, 28, 29, 30, 31, 32]]"
1353,"[[17, 18, 19, 20, 21, 22, 23, 24], [25, 26, 27, 28, 29, 30, 31, 32]]"
1354,"[[17, 18, 19, 20, 21, 22, 23, 24], [25, 26, 27, 28, 29, 30, 31, 32]]"
1355,"[[17, 18, 19, 20, 21, 22, 23, 24], [25, 26, 27, 28, 29, 30, 31, 32]]"
1356,"[[17, 18, 19, 20, 21, 22, 23, 24], [25, 26, 27, 28, 29, 30, 31, 32]]"
1357,"[[17, 18, 19, 20, 21, 22, 23, 24], [25, 26, 27, 28, 29, 30, 31, 32]]"
1358,"[[17, 18, 19, 20, 21, 22, 23, 24], [25, 26, 27, 28, 29, 30, 31, 32]]"
1359,"[[17, 18, 19, 20, 21, 22, 23, 24], [25, 26, 27, 28, 29, 30, 31, 32]]"
1360,"[[17, 18, 19, 20, 21, 22, 23, 24], [25, 26, 27, 28, 29, 30, 31, 32]]"
1361,"[[17, 18, 19, 20, 21, 22, 23, 24], [25, 26, 27, 28, 29, 30, 31, 32]]"
1362,"[[33, 34, 35, 36, 37, 38, 39, 40], [41, 42, 43, 44, 45, 46, 47, 48]]"
1363,"[[33, 34, 35, 36, 37, 38, 39, 40], [41, 42, 43, 44, 45, 46, 47, 48]]"
1364,"[[33, 34, 35, 36, 37, 38, 39, 40], [41, 42, 43, 44, 45, 46, 47, 48]]"
1365,"[[33, 34, 35, 36, 37, 38, 39, 40], [41, 42, 43, 44, 45, 46, 47, 48]]"
1366,"[[33, 34, 35, 36, 37, 38, 39, 40], [41, 42, 43, 44, 45, 46, 47, 48]]"
1367,"[[33, 34, 35, 36, 37, 38, 39, 40], [41, 42, 43, 44, 45, 46, 47, 48]]"
1368,"[[33, 34, 35, 36, 37, 38, 39, 40], [41, 42, 43, 44, 45, 46, 47, 48]]"
1369,"[[33, 34, 35, 36, 37, 38, 39, 40], [41, 42, 43, 44, 45, 46, 47, 48]]"
1370,"[[33, 34, 35, 36, 37, 38, 39, 40], [41, 42, 43, 44, 45, 46, 47, 48]]"
1371,"[[33, 34, 35, 36, 37, 38, 39, 40], [41, 42, 43, 44, 45, 46, 47, 48]]"
1372,"[[73, 74, 75, 76, 77, 78, 79, 80]]"
1373,"[[73, 74, 75, 76, 77, 78, 79, 80]]"
1374,"[[73, 74, 75, 76, 77, 78, 79, 80]]"
1382,"[[73, 74, 75, 76, 77, 78, 79, 80]]"
1383,"[[73, 74, 75, 76, 77, 78, 79, 80]]"
1384,"[[73, 74, 75, 76, 77, 78, 79, 80]]"
1385,"[[73, 74, 75, 76, 77, 78, 79, 80]]"
1386,"[[73, 74, 75, 76, 77, 78, 79, 80]]"
1387,"[[73, 74, 75, 76, 77, 78, 79, 80]]"
1388,"[[73, 74, 75, 76, 77, 78, 79, 80]]"
1389,"[[65, 66, 67, 68, 69, 70, 71, 72]]"
1390,"[[65, 66, 67, 68, 69, 70, 71, 72]]"
1391,"[[65, 66, 67, 68, 69, 70, 71, 72]]"
1392,"[[65, 66, 67, 68, 69, 70, 71, 72]]"
1393,"[[65, 66, 67, 68, 69, 70, 71, 72]]"
1394,"[[65, 66, 67, 68, 69, 70, 71, 72]]"
1395,"[[65, 66, 67, 68, 69, 70, 71, 72]]"
1396,"[[65, 66, 67, 68, 69, 70, 71, 72]]"
1397,"[[65, 66, 67, 68, 69, 70, 71, 72]]"
1398,"[[65, 66, 67, 68, 69, 70, 71, 72]]"
1402,"[[57, 58, 59, 60, 61, 62, 63, 64]]"
1403,"[[57, 58, 59, 60, 61, 62, 63, 64]]"
1404,"[[57, 58, 59, 60, 61, 62, 63, 64]]"
1405,"[[57, 58, 59, 60, 61, 62, 63, 64]]"
1406,"[[57, 58, 59, 60, 61, 62, 63, 64]]"
1407,"[[57, 58, 59, 60, 61, 62, 63, 64]]"
1408,"[[57, 58, 59, 60, 61, 62, 63, 64]]"
1409,"[[57, 58, 59, 60, 61, 62, 63, 64]]"
1410,"[[57, 58, 59, 60, 61, 62, 63, 64]]"
1411,"[[57, 58, 59, 60, 61, 62, 63, 64]]"
1412,"[[49, 50, 51, 52, 53, 54, 55, 56]]"
1413,"[[49, 50, 51, 52, 53, 54, 55, 56]]"
1414,"[[49, 50, 51, 52, 53, 54, 55, 56]]"
1415,"[[49, 50, 51, 52, 53, 54, 55, 56]]"
1416,"[[49, 50, 51, 52, 53, 54, 55, 56]]"
1417,"[[49, 50, 51, 52, 53, 54, 55, 56]]"
1418,"[[49, 50, 51, 52, 53, 54, 55, 56]]"
1419,"[[49, 50, 51, 52, 53, 54, 55, 56]]"
1420,"[[49, 50, 51, 52, 53, 54, 55, 56]]"
1421,"[[49, 50, 51, 52, 53, 54, 55, 56]]"
1422,"[[1, 2, 3, 4, 5, 6, 7, 8]]"
1423,"[[1, 2, 3, 4, 5, 6, 7, 8]]"
1424,"[[1, 2, 3, 4, 5, 6, 7, 8]]"
1425,"[[1, 2, 3, 4, 5, 6, 7, 8]]"
1426,"[[1, 2, 3, 4, 5, 6, 7, 8]]"
1427,"[[1, 2, 3, 4, 5, 6, 7, 8]]"
1428,"[[1, 2, 3, 4, 5, 6, 7, 8]]"
1429,"[[1, 2, 3, 4, 5, 6, 7, 8]]"
1430,"[[1, 2, 3, 4, 5, 6, 7, 8]]"
1431,"[[1, 2, 3, 4, 5, 6, 7, 8]]"
1452,"[[9, 10, 11, 12, 13, 14, 15, 16]]"
1453,"[[9, 10, 11, 12, 13, 14, 15, 16]]"
1454,"[[9, 10, 11, 12, 13, 14, 15, 16]]"
1455,"[[9, 10, 11, 12, 13, 14, 15, 16]]"
1456,"[[9, 10, 11, 12, 13, 14, 15, 16]]"
1457,"[[9, 10, 11, 12, 13, 14, 15, 16]]"
1458,"[[9, 10, 11, 12, 13, 14, 15, 16]]"
1459,"[[9, 10, 11, 12, 13, 14, 15, 16]]"
1461,"[[9, 10, 11, 12, 13, 14, 15, 16]]"
1462,"[[9, 10, 11, 12, 13, 14, 15, 16]]"
1463,"[[17, 18, 19, 20, 21, 22, 23, 24]]"
1464,"[[17, 18, 19, 20, 21, 22, 23, 24]]"
1465,"[[17, 18, 19, 20, 21, 22, 23, 24]]"
1466,"[[17, 18, 19, 20, 21, 22, 23, 24]]"
1467,"[[17, 18, 19, 20, 21, 22, 23, 24]]"
1468,"[[17, 18, 19, 20, 21, 22, 23, 24]]"
1469,"[[17, 18, 19, 20, 21, 22, 23, 24]]"
1470,"[[17, 18, 19, 20, 21, 22, 23, 24]]"
1471,"[[17, 18, 19, 20, 21, 22, 23, 24]]"
1472,"[[17, 18, 19, 20, 21, 22, 23, 24]]"
1473,"[[33, 34, 35, 36, 37, 38, 39, 40]]"
1474,"[[33, 34, 35, 36, 37, 38, 39, 40]]"
1475,"[[33, 34, 35, 36, 37, 38, 39, 40]]"
1476,"[[33, 34, 35, 36, 37, 38, 39, 40]]"
1477,"[[33, 34, 35, 36, 37, 38, 39, 40]]"
1478,"[[33, 34, 35, 36, 37, 38, 39, 40]]"
1479,"[[33, 34, 35, 36, 37, 38, 39, 40]]"
1480,"[[33, 34, 35, 36, 37, 38, 39, 40]]"
1481,"[[33, 34, 35, 36, 37, 38, 39, 40]]"
1482,"[[33, 34, 35, 36, 37, 38, 39, 40]]"
1483,"[[1, 2, 3, 4, 5, 6, 7, 8], [9, 10, 11, 12, 13, 14, 15, 16]]"
1484,"[[1, 2, 3, 4, 5, 6, 7, 8], [9, 10, 11, 12, 13, 14, 15, 16]]"
1485,"[[1, 2, 3, 4, 5, 6, 7, 8], [9, 10, 11, 12, 13, 14, 15, 16]]"
1486,"[[1, 2, 3, 4, 5, 6, 7, 8], [9, 10, 11, 12, 13, 14, 15, 16]]"
1487,"[[1, 2, 3, 4, 5, 6, 7, 8], [9, 10, 11, 12, 13, 14, 15, 16]]"
1488,"[[1, 2, 3, 4, 5, 6, 7, 8], [9, 10, 11, 12, 13, 14, 15, 16]]"
1489,"[[1, 2, 3, 4, 5, 6, 7, 8], [9, 10, 11, 12, 13, 14, 15, 16]]"
1491,"[[1, 2, 3, 4, 5, 6, 7, 8], [9, 10, 11, 12, 13, 14, 15, 16]]"
1492,"[[1, 2, 3, 4, 5, 6, 7, 8], [9, 10, 11, 12, 13, 14, 15, 16]]"
1493,"[[1, 2, 3, 4, 5, 6, 7, 8], [9, 10, 11, 12, 13, 14, 15, 16]]"
1494,"[[65, 66, 67, 68, 69, 70, 71, 72], [73, 74, 75, 76, 77, 78, 79, 80]]"
1495,"[[65, 66, 67, 68, 69, 70, 71, 72], [73, 74, 75, 76, 77, 78, 79, 80]]"
1496,"[[65, 66, 67, 68, 69, 70, 71, 72], [73, 74, 75, 76, 77, 78, 79, 80]]"
1497,"[[65, 66, 67, 68, 69, 70, 71, 72], [73, 74, 75, 76, 77, 78, 79, 80]]"
1498,"[[65, 66, 67, 68, 69, 70, 71, 72], [73, 74, 75, 76, 77, 78, 79, 80]]"
1499,"[[65, 66, 67, 68, 69, 70, 71, 72], [73, 74, 75, 76, 77, 78, 79, 80]]"
1500,"[[65, 66, 67, 68, 69, 70, 71, 72], [73, 74, 75, 76, 77, 78, 79, 80]]"
1501,"[[65, 66, 67, 68, 69, 70, 71, 72], [73, 74, 75, 76, 77, 78, 79, 80]]"
1502,"[[65, 66, 67, 68, 69, 70, 71, 72], [73, 74, 75, 76, 77, 78, 79, 80]]"
1503,"[[65, 66, 67, 68, 69, 70, 71, 72], [73, 74, 75, 76, 77, 78, 79, 80]]"
1504,"[[49, 50, 51, 52, 53, 54, 55, 56], [57, 58, 59, 60, 61, 62, 63, 64]]"
1505,"[[49, 50, 51, 52, 53, 54, 55, 56], [57, 58, 59, 60, 61, 62, 63, 64]]"
1506,"[[49, 50, 51, 52, 53, 54, 55, 56], [57, 58, 59, 60, 61, 62, 63, 64]]"
1507,"[[49, 50, 51, 52, 53, 54, 55, 56], [57, 58, 59, 60, 61, 62, 63, 64]]"
1508,"[[49, 50, 51, 52, 53, 54, 55, 56], [57, 58, 59, 60, 61, 62, 63, 64]]"
1509,"[[49, 50, 51, 52, 53, 54, 55, 56], [57, 58, 59, 60, 61, 62, 63, 64]]"
1510,"[[49, 50, 51, 52, 53, 54, 55, 56], [57, 58, 59, 60, 61, 62, 63, 64]]"
1511,"[[49, 50, 51, 52, 53, 54, 55, 56], [57, 58, 59, 60, 61, 62, 63, 64]]"
1512,"[[49, 50, 51, 52, 53, 54, 55, 56], [57, 58, 59, 60, 61, 62, 63, 64]]"
1513,"[[49, 50, 51, 52, 53, 54, 55, 56], [57, 58, 59, 60, 61, 62, 63, 64]]"
1521,"[[33, 34, 35, 36, 37, 38, 39, 40], [41, 42, 43, 44, 45, 46, 47, 48], [49, 50, 51, 52, 53, 54, 55, 56]]"
1522,"[[33, 34, 35, 36, 37, 38, 39, 40], [41, 42, 43, 44, 45, 46, 47, 48], [49, 50, 51, 52, 53, 54, 55, 56]]"
1523,"[[33, 34, 35, 36, 37, 38, 39, 40], [41, 42, 43, 44, 45, 46, 47, 48], [49, 50, 51, 52, 53, 54, 55, 56]]"
1524,"[[33, 34, 35, 36, 37, 38, 39, 40], [41, 42, 43, 44, 45, 46, 47, 48], [49, 50, 51, 52, 53, 54, 55, 56]]"
1525,"[[33, 34, 35, 36, 37, 38, 39, 40], [41, 42, 43, 44, 45, 46, 47, 48], [49, 50, 51, 52, 53, 54, 55, 56]]"
1526,"[[33, 34, 35, 36, 37, 38, 39, 40], [41, 42, 43, 44, 45, 46, 47, 48], [49, 50, 51, 52, 53, 54, 55, 56]]"
1527,"[[33, 34, 35, 36, 37, 38, 39, 40], [41, 42, 43, 44, 45, 46, 47, 48], [49, 50, 51, 52, 53, 54, 55, 56]]"
1528,"[[33, 34, 35, 36, 37, 38, 39, 40], [41, 42, 43, 44, 45, 46, 47, 48], [49, 50, 51, 52, 53, 54, 55, 56]]"
1529,"[[33, 34, 35, 36, 37, 38, 39, 40], [41, 42, 43, 44, 45, 46, 47, 48], [49, 50, 51, 52, 53, 54, 55, 56]]"
1530,"[[33, 34, 35, 36, 37, 38, 39, 40], [41, 42, 43, 44, 45, 46, 47, 48], [49, 50, 51, 52, 53, 54, 55, 56]]"
1531,"[[9, 10, 11, 12, 13, 14, 15, 16], [17, 18, 19, 20, 21, 22, 23, 24], [25, 26, 27, 28, 29, 30, 31, 32]]"
1532,"[[9, 10, 11, 12, 13, 14, 15, 16], [17, 18, 19, 20, 21, 22, 23, 24], [25, 26, 27, 28, 29, 30, 31, 32]]"
1533,"[[9, 10, 11, 12, 13, 14, 15, 16], [17, 18, 19, 20, 21, 22, 23, 24], [25, 26, 27, 28, 29, 30, 31, 32]]"
1534,"[[9, 10, 11, 12, 13, 14, 15, 16], [17, 18, 19, 20, 21, 22, 23, 24], [25, 26, 27, 28, 29, 30, 31, 32]]"
1535,"[[9, 10, 11, 12, 13, 14, 15, 16], [17, 18, 19, 20, 21, 22, 23, 24], [25, 26, 27, 28, 29, 30, 31, 32]]"
1536,"[[9, 10, 11, 12, 13, 14, 15, 16], [17, 18, 19, 20, 21, 22, 23, 24], [25, 26, 27, 28, 29, 30, 31, 32]]"
1537,"[[9, 10, 11, 12, 13, 14, 15, 16], [17, 18, 19, 20, 21, 22, 23, 24], [25, 26, 27, 28, 29, 30, 31, 32]]"
1538,"[[9, 10, 11, 12, 13, 14, 15, 16], [17, 18, 19, 20, 21, 22, 23, 24], [25, 26, 27, 28, 29, 30, 31, 32]]"
1539,"[[9, 10, 11, 12, 13, 14, 15, 16], [17, 18, 19, 20, 21, 22, 23, 24], [25, 26, 27, 28, 29, 30, 31, 32]]"
1540,"[[9, 10, 11, 12, 13, 14, 15, 16], [17, 18, 19, 20, 21, 22, 23, 24], [25, 26, 27, 28, 29, 30, 31, 32]]"
